
Iteration: 0
0 0 0 0 
0 None 0 0 
0 0 0 0 

Iteration: 1
-0.04 -0.04 -0.04 1.0 
-0.04 None -0.04 -1.0 
-0.04 -0.04 -0.04 -0.04 

Iteration: 2
-0.08000000000000002 -0.08000000000000002 0.752 1.0 
-0.08000000000000002 None -0.08000000000000002 -1.0 
-0.08000000000000002 -0.08000000000000002 -0.08000000000000002 -0.08000000000000002 

Iteration: 3
-0.12000000000000002 0.5456 0.8272 1.0 
-0.12000000000000002 None 0.45360000000000006 -1.0 
-0.12000000000000002 -0.12000000000000002 -0.12000000000000002 -0.12000000000000002 

Iteration: 4
0.37248 0.73088 0.8880800000000001 1.0 
-0.16000000000000006 None 0.5671200000000001 -1.0 
-0.16000000000000006 -0.16000000000000006 0.2988800000000001 -0.16000000000000006 

Iteration: 5
0.5659519999999999 0.8166400000000001 0.90552 1.0 
0.22598399999999993 None 0.6271760000000001 -1.0 
-0.2000000000000001 0.16710400000000006 0.3816960000000001 0.08310400000000007 

Iteration: 6
0.6925056 0.847744 0.9132696 1.0 
0.4579584 None 0.6471336000000001 -1.0 
0.13749759999999994 0.29877760000000014 0.4867616000000002 0.17366720000000008 

Iteration: 7
0.7532416000000001 0.8601644800000001 0.91604032 1.0 
0.60559616 None 0.6553290400000001 -1.0 
0.3699942400000001 0.4091648000000003 0.5249513600000001 0.26677600000000024 

Iteration: 8
0.7840153600000002 0.8648651520000001 0.917136936 1.0 
0.6837125120000002 None 0.65836516 -1.0 
0.5223928320000001 0.4617940480000002 0.5518573120000002 0.30663868800000016 

Iteration: 9
0.7986649088000001 0.8666825792000001 0.9175502096 1.0 
0.7239547904000001 None 0.6595460648 -1.0 
0.6053886976000002 0.49384465920000026 0.5635354016 0.3321497184000002 

Iteration: 10
0.8056080332800001 0.86737668352 0.91770962744 1.0 
0.7437228851200001 None 0.65999477416 -1.0 
0.6490871680000001 0.5430798899200002 0.5702362896 0.3440432931200001 

Iteration: 11
0.8088344386559999 0.867643038656 0.91777044016 1.0 
0.7532310036480001 None 0.660167179368 -1.0 
0.6741950138880001 0.5878857123840002 0.576708137632 0.35059336099199995 

Iteration: 12
0.8103209751552001 0.8677449598592 0.9177937619528 1.0 
0.7577137516544 None 0.6602330700648 -1.0 
0.6887928755456001 0.6169331535872 0.5819816508319999 0.35642584620480006 

Iteration: 13
0.81099944056832 0.8677840015340801 0.91780268320176 1.0 
0.75979953045504 None 0.66025831656872 -1.0 
0.6967436042368 0.6344209311539201 0.58552235603104 0.36122790528608 

Iteration: 14
0.8113070983296 0.8677989468682239 0.9178060999770481 1.0 
0.760759458545664 None 0.66026797821828 -1.0 
0.7009560779031041 0.6442790696202241 0.592114812183112 0.36454067535344 

Iteration: 15
0.8114458131821055 0.8678046693552832 0.9178074078195329 1.0 
0.7611975703728127 None 0.6602716778034665 -1.0 
0.703131081588864 0.6496206762465281 0.6006615347363184 0.3701459172818336 

Iteration: 16
0.8115080738397183 0.867806860126683 0.9178079085623 1.0 
0.761396164620247 None 0.660273094035973 -1.0 
0.7042332320817893 0.6524290005203969 0.605789862251201 0.3775438195172381 

Iteration: 17
0.811535911947343 0.8678076988751766 0.9178081002598273 1.0 
0.7614856919958242 None 0.6602736362534374 -1.0 
0.7047831549564162 0.6538723857695109 0.6085494960450349 0.3823862717526847 

Iteration: 18
0.811548319494458 0.8678080199828972 0.9178081736513265 1.0 
0.7615258679570394 None 0.6602738438332056 -1.0 
0.705054107669252 0.6546010011190351 0.609980221845456 0.3850782240112965 

Iteration: 19
0.8115538347314676 0.8678081429176407 0.9178082017484532 1.0 
0.7615438291869743 None 0.6602739233043818 -1.0 
0.7051862052444602 0.6549634863592086 0.6107062074630942 0.3864919998774945 

Iteration: 20
0.8115562807259569 0.8678081899822908 0.9178082125052835 1.0 
0.7615518336225691 None 0.6602739537292008 -1.0 
0.7052500325099463 0.6551416614674099 0.6110688021641145 0.3872141659582249 

Iteration: 21
0.8115573634206853 0.867808208000685 0.9178082166234485 1.0 
0.7615553913052793 None 0.660273965377147 -1.0 
0.7052806362957909 0.655228358301439 0.6112476047632595 0.3875764583271141 

Iteration: 22
0.8115578418731445 0.8678082148988959 0.9178082182000595 1.0 
0.7615569689976042 None 0.6602739698364736 -1.0 
0.7052952125039464 0.6552701806969203 0.6113348436551919 0.38775572964331906 

Iteration: 23
0.8115580530061917 0.867808217539827 0.9178082188036534 1.0 
0.7615576672980364 None 0.660273971543695 -1.0 
0.7053021145181702 0.6552902061425413 0.6113770259067028 0.38784344788848546 

Iteration: 24
0.8115581460622844 0.8678082185508882 0.9178082190347348 1.0 
0.7615579758645605 None 0.6602739721972923 -1.0 
0.7053053659045003 0.6552997328430444 0.6113972646590728 0.38788596551421084 

Iteration: 25
0.8115581870333951 0.8678082189379654 0.9178082191232028 1.0 
0.7615581120227397 None 0.6602739724475171 -1.0 
0.7053068905664029 0.6553042392922092 0.6114069099600721 0.38790640827867945 

Iteration: 26
0.8115582050559859 0.8678082190861554 0.917808219157072 1.0 
0.7615581720312641 None 0.660273972543314 -1.0 
0.705307602604053 0.6553063603115642 0.6114114796745261 0.3879161687959256 

Iteration: 27
0.8115582129776492 0.8678082191428887 0.9178082191700386 1.0 
0.7615581984510416 None 0.660273972579989 -1.0 
0.705307933916573 0.6553073541455552 0.6114136334710354 0.38792080061921347 

Iteration: 28
0.8115582164571801 0.8678082191646088 0.9178082191750028 1.0 
0.7615582100723277 None 0.6602739725940299 -1.0 
0.7053080875670461 0.6553078179623695 0.6114146439215465 0.38792298683874976 

Iteration: 29
0.8115582179846379 0.867808219172924 0.9178082191769033 1.0 
0.7615582151802096 None 0.6602739725994052 -1.0 
0.7053081586108038 0.6553080336461108 0.6114151160214532 0.3879240138211122 

Iteration: 30
0.811558218654824 0.8678082191761074 0.9178082191776309 1.0 
0.7615582174237523 None 0.6602739726014631 -1.0 
0.7053081913698591 0.6553081336178651 0.6114153357789744 0.3879244941992738 

Iteration: 31
0.8115582189487436 0.8678082191773262 0.9178082191779093 1.0 
0.7615582184086097 None 0.6602739726022511 -1.0 
0.7053082064377741 0.6553081798194602 0.6114154377323358 0.387924718043107 

Iteration: 32
0.8115582190775963 0.8678082191777927 0.917808219178016 1.0 
0.7615582188407168 None 0.6602739726025526 -1.0 
0.7053082133526112 0.6553082011141114 0.6114154848890269 0.3879248219901794 

Iteration: 33
0.8115582191340655 0.8678082191779714 0.9178082191780569 1.0 
0.7615582190302204 None 0.6602739726026682 -1.0 
0.7053082165192457 0.6553082109049111 0.611415506640447 0.38792487011023946 

Iteration: 34
0.8115582191588057 0.8678082191780397 0.9178082191780725 1.0 
0.7615582191132965 None 0.6602739726027124 -1.0 
0.705308217966592 0.6553082153963788 0.6114155166482405 0.38792489232338156 

Iteration: 35
0.811558219169642 0.867808219178066 0.9178082191780784 1.0 
0.7615582191497038 None 0.6602739726027294 -1.0 
0.7053082186269342 0.6553082174525493 0.6114155212421984 0.38792490255093054 

Iteration: 36
0.8115582191743875 0.8678082191780758 0.9178082191780808 1.0 
0.7615582191656544 None 0.6602739726027357 -1.0 
0.7053082189277114 0.6553082183920572 0.6114155233465322 0.38792490724885187 

Iteration: 37
0.8115582191764649 0.8678082191780797 0.9178082191780818 1.0 
0.7615582191726409 None 0.6602739726027382 -1.0 
0.7053082190645004 0.6553082188205805 0.6114155243085726 0.38792490940211094 

Iteration: 38
0.8115582191773744 0.8678082191780814 0.9178082191780821 1.0 
0.7615582191757001 None 0.6602739726027392 -1.0 
0.7053082191266208 0.6553082190157163 0.6114155247475955 0.38792491038706917 

Iteration: 39
0.8115582191777725 0.8678082191780819 0.9178082191780822 1.0 
0.7615582191770395 None 0.6602739726027397 -1.0 
0.7053082191547939 0.6553082191044399 0.6114155249476065 0.3879249108367834 

Iteration: 40
0.8115582191779468 0.8678082191780823 0.9178082191780822 1.0 
0.761558219177626 None 0.6602739726027398 -1.0 
0.705308219167555 0.6553082191447231 0.6114155250385865 0.3879249110417636 

Iteration: 41
0.8115582191780231 0.8678082191780823 0.9178082191780822 1.0 
0.7615582191778827 None 0.6602739726027398 -1.0 
0.7053082191733286 0.6553082191629888 0.6114155250799111 0.3879249111350456 

Iteration: 42
0.8115582191780564 0.8678082191780823 0.9178082191780822 1.0 
0.7615582191779949 None 0.6602739726027398 -1.0 
0.7053082191759379 0.6553082191712607 0.611415525098656 0.3879249111774335 

Iteration: 43
0.8115582191780709 0.8678082191780823 0.9178082191780822 1.0 
0.761558219178044 None 0.6602739726027398 -1.0 
0.7053082191771158 0.6553082191750025 0.6114155251071481 0.3879249111966683 

Iteration: 44
0.8115582191780774 0.8678082191780823 0.9178082191780822 1.0 
0.7615582191780657 None 0.6602739726027398 -1.0 
0.705308219177647 0.6553082191766931 0.6114155251109907 0.3879249112053854 

Iteration: 45
0.8115582191780801 0.8678082191780823 0.9178082191780822 1.0 
0.761558219178075 None 0.6602739726027398 -1.0 
0.7053082191778866 0.6553082191774563 0.6114155251127276 0.38792491120933115 

Iteration: 46
0.8115582191780814 0.8678082191780823 0.9178082191780822 1.0 
0.7615582191780792 None 0.6602739726027398 -1.0 
0.7053082191779944 0.6553082191778005 0.6114155251135117 0.3879249112111153 

Iteration: 47
0.8115582191780818 0.8678082191780823 0.9178082191780822 1.0 
0.7615582191780809 None 0.6602739726027398 -1.0 
0.7053082191780429 0.6553082191779556 0.6114155251138655 0.38792491121192096 

Iteration: 48
0.8115582191780821 0.8678082191780823 0.9178082191780822 1.0 
0.7615582191780816 None 0.6602739726027398 -1.0 
0.7053082191780645 0.6553082191780254 0.611415525114025 0.3879249112122846 

Iteration: 49
0.8115582191780822 0.8678082191780823 0.9178082191780822 1.0 
0.7615582191780821 None 0.6602739726027398 -1.0 
0.7053082191780744 0.6553082191780567 0.6114155251140968 0.38792491121244843 

Iteration: 50
0.8115582191780822 0.8678082191780823 0.9178082191780822 1.0 
0.7615582191780823 None 0.6602739726027398 -1.0 
0.7053082191780788 0.6553082191780709 0.6114155251141289 0.3879249112125223 

Iteration: 51
0.8115582191780822 0.8678082191780823 0.9178082191780822 1.0 
0.7615582191780823 None 0.6602739726027398 -1.0 
0.7053082191780808 0.6553082191780774 0.6114155251141435 0.38792491121255535 

Iteration: 52
0.8115582191780822 0.8678082191780823 0.9178082191780822 1.0 
0.7615582191780823 None 0.6602739726027398 -1.0 
0.7053082191780816 0.6553082191780801 0.6114155251141502 0.38792491121257044 

Iteration: 53
0.8115582191780822 0.8678082191780823 0.9178082191780822 1.0 
0.7615582191780823 None 0.6602739726027398 -1.0 
0.705308219178082 0.6553082191780814 0.6114155251141531 0.3879249112125773 

Iteration: 54
0.8115582191780822 0.8678082191780823 0.9178082191780822 1.0 
0.7615582191780823 None 0.6602739726027398 -1.0 
0.7053082191780822 0.6553082191780818 0.6114155251141543 0.38792491121258027 

Iteration: 55
0.8115582191780822 0.8678082191780823 0.9178082191780822 1.0 
0.7615582191780823 None 0.6602739726027398 -1.0 
0.7053082191780822 0.6553082191780821 0.6114155251141548 0.3879249112125815 

Iteration: 56
0.8115582191780822 0.8678082191780823 0.9178082191780822 1.0 
0.7615582191780823 None 0.6602739726027398 -1.0 
0.7053082191780823 0.6553082191780822 0.6114155251141552 0.38792491121258205 

Iteration: 57
0.8115582191780822 0.8678082191780823 0.9178082191780822 1.0 
0.7615582191780823 None 0.6602739726027398 -1.0 
0.7053082191780823 0.6553082191780822 0.6114155251141552 0.38792491121258244 

Iteration: 58
0.8115582191780822 0.8678082191780823 0.9178082191780822 1.0 
0.7615582191780823 None 0.6602739726027398 -1.0 
0.7053082191780823 0.6553082191780822 0.6114155251141552 0.3879249112125825 
