
Iteration: 0
0 0 0 0 0 
0 None 0 0 0 
0 None 0 0 0 
0 0 0 0 0 

Iteration: 1
-0.04 -0.04 -0.04 -0.04 2.0 
-0.04 None -0.04 -0.04 -3.0 
-0.04 None -0.04 1.0 -0.04 
-0.04 -0.04 -0.04 -0.04 -0.04 

Iteration: 2
-0.07400000000000001 -0.07400000000000001 -0.07400000000000001 1.3132 2.0 
-0.07400000000000001 None -0.07400000000000001 0.3816 -3.0 
-0.07400000000000001 None 0.6332 1.0 0.3816 
-0.07400000000000001 -0.07400000000000001 -0.07400000000000001 0.6332 -0.07400000000000001 

Iteration: 3
-0.10290000000000002 -0.10290000000000002 0.8403959999999998 1.464058 2.0 
-0.10290000000000002 None 0.41672200000000004 0.5916859999999999 -3.0 
-0.10290000000000002 None 0.6274200000000001 1.0 0.37871 
-0.10290000000000002 -0.10290000000000002 0.4381080000000001 0.6274200000000001 0.41672200000000004 

Iteration: 4
-0.12746500000000002 0.5139762799999998 1.06241447 1.49473824 2.0 
-0.12746500000000002 None 0.61718396 0.7359808099999999 -3.0 
-0.12746500000000002 None 0.7126605500000001 1.0 0.42042137000000007 
-0.12746500000000002 0.24042044000000004 0.4772154800000001 0.7126605500000001 0.4542573200000001 

Iteration: 5
0.2878348203999999 0.7698178072 1.11918786975 1.5096111192500001 2.0 
-0.14834525 None 0.7974608450499999 0.7738826397999999 -3.0 
-0.14834525 None 0.7330239524 1.0 0.4236118722 
0.10181684920000003 0.32537800120000004 0.54574863655 0.719175188 0.5189568626500001 

Iteration: 6
0.49533272238 0.851916778654 1.1494507018480002 1.51409696951925 2.0 
0.13050898537199992 None 0.8546119476422499 0.7993197329192501 -3.0 
0.004016764956000014 None 0.7541728059359999 1.0 0.4338976757390001 
0.17730212674800006 0.38642333305800003 0.55773479790075 0.730499967432 0.52915747030225 

Iteration: 7
0.5924999546436399 0.8864523296278202 1.1599312644797612 1.5166404197072725 2.0 
0.31901277873163997 None 0.8822106701043677 0.8072279548226813 -3.0 
0.08124829623116003 None 0.7600494733711549 1.0 0.441708382243345 
0.23817997227428003 0.40495162919237 0.5682521241798836 0.732385842797255 0.5385996652672662 

Iteration: 8
0.6402661664838165 0.8994501558829671 1.1648975498405962 1.517528811835046 2.0 
0.4171321415420539 None 0.8923555429650367 0.8113033923598165 -3.0 
0.19074089989681237 None 0.7632893375141613 1.0 0.4487929848724254 
0.262518510673774 0.4152532214050238 0.5735073270115034 0.7340824021030077 0.5413485571405354 

Iteration: 9
0.6615049621826165 0.9050368603917099 1.1667861049363102 1.5179507373565635 2.0 
0.4662934572711443 None 0.8969413433942179 0.8127698131998594 -3.0 
0.27607580923105485 None 0.7645983439480059 1.0 0.4512644225697203 
0.28089924045391607 0.4205780300066765 0.5767302775078125 0.7347627501529232 0.543338064501147 

Iteration: 10
0.6712879307199324 0.9072708176232815 1.1676233345105582 1.5181112467972961 2.0 
0.48909326202027376 None 0.8987399996671874 0.8134465155909717 -3.0 
0.3240124385136575 None 0.7652620877766726 1.0 0.45282735977920624 
0.2933359396277626 0.42367485380644754 0.5781308401982099 0.7352058090707615 0.5441798815050115 

Iteration: 11
0.6755765573667489 0.9082199064631375 1.1679565312272697 1.5181824098030028 2.0 
0.4996216474330007 None 0.899519721264123 0.8137085477938724 -3.0 
0.34766553272110795 None 0.7655340213885587 1.0 0.4535326450046404 
0.300573512730405 0.4251536964818788 0.5788830760327001 0.7353964113447738 0.5446855656772763 

Iteration: 12
0.6774813838029122 0.9086078253332768 1.1680995201278104 1.5182107313957345 2.0 
0.5043277390729993 None 0.8998348441044731 0.8138232149734923 -3.0 
0.35884586081702885 None 0.76566423777023 1.0 0.4539364594859424 
0.30420483247105623 0.4259166201041555 0.5792098937094855 0.735503334545348 0.5449181076224091 

Iteration: 13
0.6783070966710808 0.908771003993568 1.1681577183088434 1.5182228854413844 2.0 
0.5064230566283902 None 0.8999686087085381 0.8138692590979796 -3.0 
0.36394665890853445 None 0.7657188027141866 1.0 0.4541289122395433 
0.30598261060031295 0.4262685531401566 0.5793723778289641 0.7355508801132111 0.5450449056950466 

Iteration: 14
0.6786663457460813 0.9088383191289201 1.168182299896619 1.518227832285846 2.0 
0.5073407453631612 None 0.9000234672135675 0.8138888938403672 -3.0 
0.36623861052175616 None 0.7657439838556876 1.0 0.4542314934129929 
0.30680660404355853 0.42643887095752225 0.5794434376721831 0.7355754690995409 0.5451043730014237 

Iteration: 15
0.6788206597519513 0.9088664781816173 1.168192416158741 1.518229921720728 2.0 
0.5077410418190726 None 0.9000465146192852 0.8138969206675286 -3.0 
0.3672522706356482 None 0.7657546869152888 1.0 0.4542806505810726 
0.30718727548916697 0.42651614567986335 0.579477127926718 0.7355865639072566 0.5451348676329132 

Iteration: 16
0.6788869497970368 0.9088781442788189 1.1681966558862273 1.5182307816030018 2.0 
0.5079140257405692 None 0.9000560349873231 0.8139003005127343 -3.0 
0.3676967944450297 None 0.7657595096164102 1.0 0.4543055652897721 
0.3073583404829164 0.4265521917557451 0.5794919174173017 0.7355920196225686 0.5451491825051232 

Iteration: 17
0.6789152210302933 0.9088830105300338 1.1681984102142928 1.5182311419798376 2.0 
0.5079885102378817 None 0.9000600145201394 0.8139016944639638 -3.0 
0.3678899925592422 None 0.7657615759543931 1.0 0.45431741715311447 
0.30743517686278216 0.42656837644224177 0.5794987245063155 0.7355944934934061 0.5451562269059127 
